C3580887363307US69010981971 21522018452-24826643517002210 111011153302081611 271
31012121111001344015031811032291102230453-30002315531650023311012361101237110425
41100296110329977020142480333000013319991144310340133199971443413401442271531553
20672014422624025532273901442257602553237730144225450255324806014422516025532894
10144224483255329974014422199325533307501331217025533617601442215202553372100144
22126025533824301442207902553444450144220250255354781014422002025536098201442201
50455367184014422015045537958701442201804553940580144220130466311162901442202104
66313436801442202704                                                            
C3988887363308US69010981971 21522018231-6344250582400 111011153302081611 2713100
2121111001344015941811042291102230343-600231553166002331101236110123711042541100
29611032997702014248044400000133199971554103360144228193166419638401442280201664
44444801442277801664485792014422734016644961280144227160166450646401442261501664
51680001442258701664537472014422547016645478080144225240166455814401442249501664
56848001331243016645788160144224040166459948801442236301664682176014422306016646
92512014422236016647028480144221920166471318401442210401664754528014422028016647
64864014421948016647752000144219110166485788801442186301664878560014421829016649
19904014421785016649612480144217540166497158401442171601774106460801442166401774
11059520144216450177411679680144216090177411989760144215710177412299840144215410
17741395360014421454017741602080014421416017741943168014421327017742098208014421
28601774237728001442124101774277004801442117601774364860801442106401774420675201
3329920177448475840133290701                                                    
C3705887363309US69010981971 2154421858342-3536644060002260 111011153302081611 27
12912111111001344025841811042291102231553167002331101236110123722024254110029611
03299770201424804440000014422666016643927680144226660166453747201442265401664599
48801442260801664661504014422591016647131840144224410166482688001442226501664868
22401442209301664888896014422069016649715840144220370177410749440133118901774114
72960133118701774124032001442180301774129200001331178017741333344014421751017741
44704001442169501774167443201442161901774173644801331158017741788128014421533017
74183980801442151301774190182401442143501774204652801442140701774214988801442135
20177422532480144213210177425426560144212620177428837440133111501               
C3361887413069US69010981971 2154421850342-3536644060002110 111011153302081611 27
12641811110013440258418110422911022331101254110029611032997702014248044400000133
12670166410336001331267016642067200133126701664310080013312670166451680001331266
01664775200013312340177410336000133119501774129200001331178017741550400013311660
17742067200013311390177425840000133112501                                       
C33458861565969969002291971 2154422070553117676645041702150 1110101511 102351411
11002291101296110329977020142480110002331244012204502220240122096023312350133010
00233122101330106022202201330115023312130133012502331212013301300233120801330140
02331208013301480233120401330153023311930133016102331176013301700233116601330180
0222016013302000233115801                                                       
C3373887348821MG69010981971 21522021452-182344252652120 1110101611 2712661811110
01811042291102233110124655327800254110029611032997702014248044400000133127601664
25846501331278016645169250133126501664775380013312460177410338290133123501774129
22740133122801774155071301331214017741809147013312070177420675760122019017742325
99901331186017742584417013311770177428428290133116601                           
C3968887363310US69010981971 21522021342-6856645047002390 111011153302081611 2713
1002121111001344015941811042291102230343-600231553167002331101236110123711042541
10029611032997702014248044400000133199971554103360144228223166424806401442279201
66436176001442276101664413440014422727016644237760144227030166443411201331267016
64444448014422496016645064640144224550166453747201442239301664547808014422364016
64558144014422309016645684800144222760166462016001442217701664630496014422141016
64640832014422115016647235200144220630166474419201442203501664754528014422003016
64806208014421959016649199040144219030166493024001442187101664940576014421843016
64950912014421799016649612480144217740166498192001442171701664992256014421669017
74100259201442163501774113696001442154601774141603201442143801774159174401442135
80177422119040144212490177423772800144212180177425529920144211770177428734080144
21147017743390208014421066017743803648013311010177442480960133293401774490960001
33286901                                                                        
C3491887280640SU69010981971 2154422390452-21726645593002130 211010120101611 2712
81181111001344065012107732950000223773101170022455325200229110729611032997702014
24801100014422666014423497012201001442266201442349701220200144226640144234970122
03001331267014423497012205001442252401442350301220750133124301442350501330100014
42229401442351601330154013312120144235260133020801442196601442354301330266013311
78014423557013303240144215920144235550133042601442135901442353401330525014421172
01442352601                                                                     
C32158674766769969002291971 216-342-1567741065580140 211010120101511 10242151111
00229110723211002961103299770201424801100024422681014423283012201002442267301442
3283012202002331267014423286012203002442266801442328101                         
C32088861568549969002291971 216-342-1567741065580140 211010120101511 10235141111
00229110729611032997702014248011000244226810144232830122010024422673014423283012
202002331267014423286012203002442266801442328101                                
C41155887363311US69010981971 21612202342-74844250372480 111011153302081611 27131
012121111001344015941811042291102230453-2000231553167002331101236110123711042541
10029611032997702014248044400000133199971554103360144228093166444444801442275101
66452713601331266016645478080144226290166455814401442258401664568480014422531016
64578816014422464016645994880144224190166460982401442238601664620160014422355016
64640832014422318016646511680144222450166466150401442221201664682176014422165016
64692512014422144016647028480144221110166471318401442207901664764864014422046016
64785536014422012016648062080144219910166487856001442195301664919904013311930166
49302400144219010166494057601442187201664950912014421844017741002592014421808017
74101292801442178201774104393601442175901774108528001442172301774109561601442170
40177412609920144216470177413436800144215870177413850240144215560177415090560144
21523017741540064014421495017741684768014421464017741788128013311460177422222400
14421363017742976768014421091017743452224014421059017743483232014421062017743565
92001442103101774365894401442101901774372096001332988017743979360013329610177446
82208013329330177448889280133291601                                             
C41026887363312US69010981971 21612202452-155744250882410 111011153302081611 2713
1012121111001344015021811042291102230453-430023155316800233110123611012371104254
11002961103299770201424804440000013319991155410336013319997155482688013312833166
42170560144228270266429974401442279602664310080013312770266432041601442274702664
33075201331271026644237760144226290266447545601442258202664516800014422563026646
09824014422539026647855360144224120266479587201442238602664961248013312340277411
36960014422231027741281664014422205027741385024014422161027741426368014422119027
74155040001442205702774166409601442202602774191216001442193202774196384001442190
60277420465280133118702774218089601442182302774231526401442174902774244963201442
16840277426666880144216270277427907200144215980277428527360144215770277429974400
16641524380277431318080166414755202774314214401664147176027743152480014421468027
74343155201442139502774371062401442135402774383465601442131502774427910401442124
502774448582401442120902774480624001442114402774490960001442113102              
C3380887363313US69010981971 21612202452-23276643672002100 111011153302081611 271
31012121111001344015031811042291102230453-37002315531640023311012361101237110425
41100296110329977020142480444000001331999115541033601331999715545168001442275431
66447545601442275101664485792014422703016644961280144226580166450646401442262501
664537472014422591016645788160144225430166471318401442249901                    
C3230887413071US69010981971 21622290452-2327664367200150 111011153302081611 2712
64181111001344015031811022291102233110125411002961103299770201424802220001331278
0144210340133127501442206701331275014423101013312750144251680133126101          
C3407887413072US69010981971 21622290452-155744250882150 111011153302081611 27126
41811110013440150218110222911022331101254110029611032997702014248022200013312850
14421034013312830144220670133128301442310101331277014425168013312560144277520133
12420155210336013312290155212920012202201552155040133120601552206720133118601552
25840013311650155231008013311520155236176013311370155241344013311270155246512013
3111701                                                                         
C3404887413073US69010981971 21622290342-74844250372150 111011153302081611 271264
18111100134401594181102229110223311012541100296110329977020142480222000133128101
44210340133127901442206701331278014423101013312770144251680133126701442775201331
20301552103360133117701552129200133116201552155040133114901552206720122014015522
58400133112301552310080133110801552361760133110201552413440122195015524651201221
9301                                                                            
C3558887280641MG69010981971 216332190674-1911696645210002150 211010120101611 271
29421011110013440526221077348500002191104221110122455327000225553239002291107296
11032997702014248011000144227990144235080122020012202801442350801220400144227970
13313510122060014422592014423493012208001442248301442349301330100014422426014423
49701330124014422331014423507013301490144222540144235190133019701442205701442353
90133024501442185601442355401330292014421698014423559013303400144214630144235410
133038801442133701442353201330484014421151014423509013306790133286401442347101  
C35168862361969969002291971 2161102442188544258122160 211010120101511 1023514111
10022911072961103299770201424801100023312380144236270122010024422375014423626012
20200233123801442362601220300244223870144236260122050024422374014423627012207502
44223480144236270133010002442225201442361101330150024421994014423609013302000244
21837014423602013302500244216040144235820133030002442148301442357501330400024421
31201442357301330500024421233013313570133060002442116801331357013308000244210320
144235610144010000233290801442355201                                            
C41159887327564US69010981971 216332213452-498244271632540 1110101611 27128221011
11001344015141811042291102233110124011012464433800254110029611032997702014248044
40000012213901554516930122139016641033870122139016641550800122139016642067720122
13901664258465012213901664310157012213901664361850012213901664413542012213801664
46523301221380166451692501221370166456861601221370166462030801221370166467199901
22137016647236890122137016647753800122137016648270700122136016648787600122136016
64930450012213501664982140012213401774103382901221320177410855190111030177411372
08012212701774118889701221230177412405850122121017741292274011102017741343962012
21180177413956500122116017741447338012211401774149902601221130177415507130122114
01774160240001221130177416540870122113017741705774012211201774175746101221120177
41809147012211201774186083301221120177419125190122111017741964205012211101774201
58900122112017742067576012211201774211926101221110177421709460122111017742222630
01221120177422743150122112017742325999012211201774237768301221120177424293670122
11301774248105001221130177425327330122113017742584417012211401774263610001221150
177426877820122116017742739465012211501                                         
C41215887363314US69010981971 2161103452-14836645123002500 111011153302081611 271
31012121111001344015021811042291102230453-40002315531670023311012361101237110425
41100296110329977020142480444000001331999715542067201442283831664258400014422826
01664268736014422759016642790720144227360166428940801442270401664320416014422659
01664403104014422632016644444480144225880166455814401442252501664578816014422502
01664744192014422453016648785600144224080166491990401442237101774106460801442233
10177412196480144222770177412299840144222590177413126720144222290177413436800144
22187017741478048014422136017741581408013312080177416020800144220490177416434240
14422028017741757120014421998017741819136014421941017741881152014421905017741891
48801442188701774198451201442185101774207753601442180301774223257601442172301774
23152640144216830177424496320133116601774254265601442162701774260467201442161601
77426976960144215950177427700480144215690177428527360144215190177429767680144215
04017743276512014421441017743307520014421426017743410880014421417017743545248013
31136017743658944014421314017743751968014421297017744000032014421247017744217088
01442119901774434112001442118201774455817601442115501774469254401442112501774494
060801442111301                                                                 
C41198887327565US69010981971 216332450452-498844272022560 1110101611 27128221011
11001344015141811042291102233110124011012464433800254110029611032997702014248044
40000012213801554516930122138016641033870122138016641550800122138016642067720122
13801664258465012213701664310157012213601664361850012213701664413542012213601664
46523301221360166451692501221360166456861601221350166462030801221350166467199901
22135016647236890122134016647753800122134016648270700122133016648787600122131016
64930450011103016649821400122129017741033829012212801774108551901221260177411372
08012212401774118889701221220177412405850122121017741292274012211901774134396201
22118017741395650012211601774144733801221160177414990260122115017741550713012211
40177416024000122114017741654087012211301774170577401221130177417574610122112017
74180914701221130177418608330122112017741912519012211301774196420501221140177420
15890012211401774206757601221140177421192610122115017742170946012211401774222263
00122115017742274315012211601774232599901221160177423776830122115017742429367012
21150177424810500122116017742532733012211601774258441701221170177426361000122117
017742687782012211801774273946501221170177427911470122118017742842829012211901  
C3371887348822MG69010981971 2161104341-1916645210002120 1110101611 2712661811110
01811042291102233110124655328000254110029611032997702014248044400000122028016642
58465012202801664516925012202701664775380013312490177410338290133124101774129227
40133123101774155071301331226017741809147013312190177420675760133120601774232599
901331196017742584417013311880177428428290133118101                             
C3485887280642SU69010981971 2161106452-22523315452130 211010120101611 2712811811
11001344065012107734150000223773101290022455325800229110729611032997702014248011
00013312630144235230122011014422624014423523012202201331262014423523012203201442
25860144235230122054013312550144235280122078014422486014423538013301130144221020
14423537013301560144218070144235460133020801442167401442354601330260014421561014
42354301330316014421425014423537013304190133112701442352101330518014421149014423
52101                                                                           
C41083887363315US69010981971 2161106452-147244250622440 111011153302081611 27131
012121111001344015021811042291102230453-3000231553168002331101236110123711042541
10029611032997702014248044400000133199971554206720144228333155493024014422805016
64206720014422832016644134400144228110166446512001442277501664475456014422749016
64527136014422713016645684800144226750166460982401331265016646201600133126201664
63049601442259401664733856014422544016647648640144225140166483721601442247501774
10232640144223940177411679680144223570177411886400144223260177414470400144222460
17741488384013312230177415814080144221640177416227520144221170177416330880144220
99017741715776014422051017741736448013312020177418088000144219530177419121600144
21936017742046528014421875017742201568014421793017742304928014421746017742366944
01442173501774238761601442171301774249097601442167601774259433601442163201774268
73600144215850177428320640144215720177430594560144214770177432248320144214350177
43731296014421313017743907008014421297017744237760013311230177446098560144211980
1774469254401442118101774485792001442116201                                     
C41097887363316US69010981971 2161106341-21844238032450 111011153302081611 271310
12121111001344015031811042291102230453-52002315531640023311012361101237110425411
00296110329977020142480444000001331999715542067201331284316641550400144227980166
43927680144227960166440310401442270101664413440014422671016644341120144225330166
44651200144224580166448579201442244501664496128014422401016645374720144223750166
45891520144223430166462016001442228901664630496014422258016647441920133121901664
76486401442220301664837216014422148016648475520133121201664909568014422096016649
19904014422042016649509120144220130177410232640144220080177410542720144219480177
41116288014421922017741136960014421906017741157632013311880177412403200144218310
17741312672014421785017741509056014421717017741571072014421691017741612416014421
66901774170544001442163801774171577601442165201774173644801442163101774174678401
44215950177420155200144215440177420982080144215050177423152640133114401774262534
40133113801774289408001442133301774305945601442131401774316281601442129901774332
819201442126201774356592001442122801774359692801442122601                       
C3324887280643TH69010981971 21633277055493219664979669160 211010120101611 271295
21011110013440627421055346000215553300002211103222443777622455328300229110729611
03299770201424801100014422857014423239011105014422788014423227012201001442278201
44232270122020014422746014423266012203001442269301442329901220430144226040144233
2401                                                                            
C41178887327566US69010981971 216332722452-49986647248002550 1110101611 271282210
11110013440151418110422911022331101240110124644335002541100296110329977020142480
44400000122135015545169301221350166410338701221350166415508001221350166420677201
22133016642584650122133016643101570122133016643618500122133016644135420122133016
64465233012213301664516925012213201664568616012213201664620308012213201664671999
01221310166472368901221310166477538001110301664827070012213101664878760011103016
64930450011103016649821400122128017741033829012212801774108551901221260177411372
08012212401774118889701221230177412405850122123017741292274012212201774134396201
22121017741395650012212101774144733801110201774149902601221190177415507130122118
01774160240001221170177416540870122117017741705774012211501774175746101221150177
41809147012211501774186083301221150177419125190122114017741964205012211401774201
58900122114017742067576012211401774211926101221140177421709460122113017742222630
01221130177422743150122113017742325999012211301774237768301221140177424293670122
11501774248105001221140177425327330122115017742584417012211501774263610001221150
1774268778201221160177427394650122115017742791147012211601                      
C340986645099699101971 2163328833328156648238332120 2110111511011201002431511110
02291102254120-12961103299770201424801100013312770155335161012201001331277014429
99911220200133127601442999911220300133127601442999911220500133127501442999911220
75013312740144299991133010001331258014429999113301250133121801442999911330150012
20180144299991133017501331167014429999113302000122015014429999113302500133112701
442999911                                                                       
C340986645099399101971 216332935341-11977412106672120 21101115110112010024315111
1002291102254120-129611032997702014248011000133129201442328801220100133129101442
99991122020012202901442999911220300122029014429999112205001331288014429999112207
50133128601442999911330100012202601442999911330125013312360144299991133015001331
21601442999911330175013311910144299991133020001331176014429999113302500133113301
442999911                                                                       
C3414866451006YU101971 216332975674-101167552125752120 2110111511011201002431511
11002291102254120-12961103299770201424801100013312970155334343012201001331296014
42999911220200133129501442999911220300133129501442999911220500133129401442999911
22075013312760144299991133010001331259014429999113301250133124301442999911330150
01331232014429999113301750133121201442999911330200013311850144299991133025001331
13501442999911                                                                  
C3558887280644MG69010981971 216332920674-1882196645131312150 211010120101611 271
29421011110013440526221077348100002191103221110122455329400225553246002291107296
11032997702014248011000144228430144235050122019014422818014423505012203801442280
70144235050122057014422524014423494012207601442242501442349601220950144223640144
23502013301180144223130144235080133014001442222101442351501330185013312020144235
32013302260144218090144235340133026701442169701331355013303090144215820144235550
133035001442142201442354301330430014421235014423521013306060133297201442348301  
C3766887327567US69010981971 2161109452-500844272952440 1110101611 27126117111100
13440151422911012401101246443330029611032997702014248011000122131011105012213101
22010012213101220150122131012202001221310122025012213101220300122131012203501221
31012204001221310122045011103012205001221310122055011103012206001221310122065011
10301220700111030122075011103012208001221290122085012212901220900122129012209501
22127013301000122127013301050122125013301100122124013301150122122013301200122122
01330125011102013301300122119013301350122119013301400122119013301450122118013301
50012211701330155012211701330160012211601330165012211501330170012211501330175012
21150133018001221140133018501221140133019001221140133019501221130133020001221140
1330205012211401330210012211301330215012211301                                  
C41034887363317US69010981971 2161109342-8986645010002420 111011153302081611 2713
1002121111001344015941811042291102230343-900231553166002331101236110123711042541
10029611032997702014248044400000133199911554103360133199971554310080144228173166
41653760133127801664268736014422753016642894080144227190166429974401442267501664
37209601442259901664434112014422571016644444480144225320166456848001442246401664
57881601442244801664589152014422393016646408320144222840166468217601331224016646
92512013312190166481654401331213016648578880133120801664930240014422015016649509
12014421955016649715840144219190177410336000144218820177411266240144218140177412
40320014421754017741250656014421718017741281664014421696017741488384014421674017
74158140801442164501774172611201442162201774177779201442157901774182947201442153
20177419535040144214740177421395520144214530177423462720144214080177424392960144
21363017742604672014421321017742832064014421221017743121472014421165017743379872
01442109101774354524801442105701774379331201442101901774386566401442101401      
C3866887363318US69010981971 2161109452-14526645067002330 111011153302081611 2713
1012121111001344015021811042291102230453-300023155316700233110123611012371104254
11002961103299770201424804440000013319997155410336013312913166433075201442284801
66443411201442275101664444448014422698016646201600144225540166476486401442250701
77410129280144223840177411266240144223170177412609920144222830177413333440144222
67017741385024014422228017741447040014422191017741457376014422171017741571072014
42211301774167443201442203301774177779201442201701774203619201442191501774207753
60144218790177421498880144218480177421912320144218090177426460160144216820177428
01056014421641017742863072014421617017742873408014421598017743049120014421523017
74324550401442142201774335920001442141101774358659201442137201774373129601442133
301774416540801442123401774465120001442114701774486825601442112601              
C3411866451001SU101971 2164421033554408336646623332120 2110111511011201002431511
11002291102254120-12961103299770201424801100013312780155319569012201001331278014
42999911220200133127701442999911220300133127801442999911220500122028014429999112
20750122028014429999113301000133127501442999911330125013312130144299991133015001
33116801442999911330175012201501442999911330200013311430144299991133025001331127
01442999911                                                                     
C341486645100299101971 2164421017341-15477412006672120 2110111511011201002431511
11002291102254120-12961103299770201424801100013312910155334939012201001331288014
42999911220200133128501442999911220300133128301442999911220500133128101442999911
22075013312620144299991133010001331248014429999113301250133122101442999911330150
01331195014429999113301750133117401442999911330200013311610144299991133025001331
12501442999911                                                                  
C3299866451005YU101971 2164421017554783336648566672120 1110111511010243151111002
291102254120-1296110329977020142480110001331272012201001331272012202001331272012
20300133127201220500133127201220750133126801330100013312480133012501331213013301
50013311730133017501331153013302000133113501330250012201201                     
C3412866451007ZA101971 2164421050554763336648263332120 2110111511011201002431511
11002291102254120-12961103299770201424801100013312770144234540122010013312770144
29999112202001331276014429999112203001331276014429999112205001331276014429999112
20750133127501442999911330100013312750144299991133012501331222014429999113301500
12202001442999911330175013311740144299991133020001331153014429999113302500133112
401442999911                                                                    
C35908862361979969002291971 2164421082442186544258652190 211010120101511 1023514
11110022911072961103299770201424801100022202401442362701110902442237501442362701
22019024422371014423627012202802442237301442362701220470244223490144236290122071
02442232801442363301220940244222980133136401330141023312050144236110133018802442
18340133136201330235024421794014423622013302820233116501442361101330376022201401
44235640133047002442132601442357301330564024421239014423564013307520233111101442
35570133094002442100301442355501440112802332894014423541014401410023326280144235
050144018800233237201442349201                                                  
C37748862565899969002291971 21622010452-18536645035002260 211010120101511 102351
41111002291107296110329977020142480110002331282014423506012201002442281701442350
60122020024422815014423506012203002442277201442350401220400244227050144235020122
05002442259501442351101220600222025014423514012207502442238401442350401220800244
22355014423503013301000244222660144235120133012502442215901442352101330149024422
04601442353201330150024422045014423532013301990244218680144235410133020002442186
40144235410133024802442170401442354701330250024421698014423547013302940244215790
14423549013303000244215670144235490133034302442146501442354601330392024421306014
42352801330400024421293014423526013304880244211510144235080133050002442113201442
350601330600022219801442348601330680023328650133134701                          
C330086645100499101971 2164421133674-12966777412201672120 1110111511010243151111
002291102254120-1296110329977020142480110001331296012201001331294012202001331292
01220300122029012205001331285012207501331265013301000133124801330125013312280133
015001331217013301750122020013302000133117701330250012201401                    
C41190887327568US69010981971 2164421175452-50036647348002560 1110101611 27128221
01111001344015141811042291102233110124011012464431900254110029611032997702014248
04440000012213101554516930122131016641033870122131016641550800122131016642067720
12213101664258465012213101664310157012213101664361850012213101664413542012213101
66446523301221310166451692501221310166456861601110301664620308011103016646719990
11103016647236890122129016647753800122129016648270700122129016648787600122127016
64930450012212701664982140012212501774103382901221240177410855190122121017741137
20801221210177411888970111020177412405850122118017741292274012211801774134396201
22116017741395650012211601774144733801221160177414990260122115017741550713012211
50177416024000122116017741654087012211601774170577401221170177417574610122116017
74180914701221170177418608330122117017741912519012211701774196420501221170177420
15890012211801774206757601221180177421192610122119017742170946012211901774222263
00122119017742274315012211901774232599901110201774237768301110201774242936701110
20177424810500111020177425327330111020177425844170111020177426361000111020177426
8778201110201774273946501221210177427911470122121017742842829012212101          
C341286645100399101971 21622012564-696676649696672120 21101115110112010024315111
1002291102254120-129611032997702014248011000133127901442340201220100133127801442
99991122020013312770144299991122030013312770144299991122050013312750144299991122
07501331271014429999113301000133125801442999911330125013312060144299991133015001
33117601442999911330175013311270144299991133020001331113014429999113302500133110
301442999911                                                                    
C3490887280645SU69010981971 21622012452-232844253332130 211010120101611 27128118
11110013440650121077345000002237731010900224553262002291107296110329977020142480
11000144226620144235210122010014422638014423521012202001442262201442352101220300
14422608014423521012205001442257401442352101220790144222960144235210133010901442
22320144235210133015801442206401442354301330206014421987014423553013302540144219
36014423566013303020144218540144235640133040501442144901442354101330506013311290
1442355211                                                                      
C3371887348823MG69010981971 21622012452-188244251322120 1110101611 2712661811110
01811042291102233110124655328400254110029611032997702014248044400000133128701664
25846501331286016645169250133126301664775380013312430177410338290133123601774129
22740133122701774155071301220220177418091470133120301774206757601331193017742325
999012201801774258441701331172017742842829012201701                             
C41022887363319US69010981971 21622012230-2044239122410 111011153302081611 271310
12121111001344015031811042291102230453-58002315531630023311012361101237110425411
00296110329977020142480444000001331999715543100801442283531664423776014422815016
64537472014422708016645478080144226660166458915201331263016645994880144226110166
46098240144225770166462016001442255301664671840014422522016647131840144224650166
47441920144224390166478553601442237101664930240014422341017741178304014422203017
74122998401442213801774130233601442209701774137468801442202401774138502401442199
30177414160320144219750177414470400144219670177414573760144219180177417157760144
21872017741839808014421859017741943168013311810177420258560144217650177421188800
14421712017742211904014421698017742304928014421634017742480640014421574017742573
66401442152701774280105601442149301774294576001442145501774309046401220140177431
31808014421382017743328192014421328017743431552014421313017743793312014421275017
74407238401442121501774443414401442116901774493027201442111801                  
C41278887363320US69010981971 21622012231-986644992002540 111011153302081611 2713
1012121111001344015941811042291102230453-200023155316700233110123611012371104254
11002961103299770201424804440000013319997155420672014422822315549302401442278301
66410336001442275201664361760014422712016644237760133126901664454784014422665016
64465120014422643016644857920144226180166452713601442256301664537472014422547016
64547808014422532016645891520144224490166459948801442241701664630496014422387016
64692512014422356016647028480133123301664754528014422301016647752000144222520166
48062080144222050166485788801442218201664868224014422162016648888960144221380166
49095680144221070166498192001442209201664992256014422045017741023264014422027017
74109561601442198901774117830401442192901774121964801442189301774129200001442181
80177413023360144218030177413126720133117801774134368001442174901774136435201442
17110177414470400133116801774148838401442164901774154006401442161601774155040001
44215680177416330880144215260177418501440144214280177420878720144214090177422842
56014421345017742439296013311320177428320640144212570177431111360144212040177431
93824014421158017743328192014421135017743917344014421079017744041376013311030177
444444800133298301774459952001332955017744857920013329260177449509440133292101  
C3957887363321US69010981971 21622012452-14376645085002380 111011153302081611 271
29921211110013440150218110422911022303320002315531670023311012361101237110425411
00296110329977020142480444000001331999715541033601331293316642894080144228930266
43204160144228430266437209601331277026644031040133127102664413440014422677026645
37472013312640366468217601442261803664733856014422593036648268800144225520366490
95680144225340377410129280144224850377411576320144224460377412196480144224170377
41292000014422422037741333344013312370377413953600144223390377414883840144223240
37741540064013312290377418398080144222330377420775360144221320377422119040144220
69037742335936014422012037742449632014421963037742521984014421885037742625344014
42181703774279072001331177037743007776014421712037743100800014421696037743214496
01442164503774341088001442160403774363827201442158803774397936001442150803774419
64160144214950377442067520144214770377442480960144214530377447855680133114103   
C341386645099599101971 21622013674-12416777412153332120 211011151101120100243151
111002291102254120-1296110329977020142480110001331292015533444101220100133129101
44299991122020012202901442999911220300133128601442999911220500133127401442999911
22075013312540144299991133010001331243014429999113301250133123201442999911330150
01331219014429999113301750133119301442999911330200012201801442999911330250013311
4201442999911                                                                   
C329786645099899101971 21622013554851676648601672120 111011151101024315111100229
1102254120-129611032997702014248011000133127601220100133127601220200133127601220
30013312770122050013312820122075013312810133010001331272013301250133125401330150
013312190133017501331174013302000133115201330250012201301                       
C33398861500979969002291971 216442155055312083553498482150 1110101511 1023514111
10022911012961103299770201424801100022202501220580233124801220610233124501220700
23312440122080023312430122085023312450122093022202401330110023312370133012002331
20701330130022201801330140023311720133017002220160133018002331155013301920233115
5013302000233114901                                                             
C41092887363322US69010981971 21622015341-10344248882450 111011153302081611 27131
002121111001344015941811042291102230343-9002315531670023311012361101237110425411
00296110329977020142480444000001331999135541033601331999135542067201331999735548
26880144227333366424806401331271036642584000144226990366426873601442265903664289
40801442261203664299744014422595036643100800144225260366435142401442247903664382
43201442245803664392768014422411036644444480144223310366445478401442224203664465
12001331219036644754560144221640366449612801442210403664537472014422076036645478
08014422039036645788160144220110366487856001442198203664930240014421909036649612
48014421849037741023264014421746037741136960014421679037741209312014421657037741
21964801442163803774128166401442160903774129200001442158303774144704001442152303
77414883840144214870377416020800144214560377417571200144214010377418708160144213
44037741922496014421325037742005184014421299037742077536014421253037742397952014
42120603774291475201442113203774318348801442110103774363827201331107037743979360
0144210380377447648960144210010377448889280133297803                            
C33138861500989969002291971 2164421752553122476644955502130 1110101511 102351411
11002291101296110329977020142480110002331245011108023312440122070023312410122090
02331239013301000233123701330110023312340133012002220230133013002331218013301400
2331197013301500233117501330160023311680133018002331159013302000233115101       
C35918862361989969002291971 21622017442182844259372190 211010120101511 102351411
11002291107296110329977020142480110002331239014423642012201002442238501442364201
22020024422381014423644012203002331237014423651012205002442235301442365801220750
24422351013313660133010002442208301442360801330150024421832014423581013302000233
11720133135901330250024421766014423642013303000244216290133136201330400024421412
01442360601330500024421262014423575013306000244211820133135701330800024421033014
42355301440100002332904014423546014401200023327490133135301440150002332535014423
5030144020000233232101442349601                                                 
C31958862770959969002291971 2164421760563-49997664736780130 211010120101511 1023
51411110022911072961103299770201424803306820233220401553345880133093102332205015
53346780133093402332207015533469201                                             
C3488887280646SU69010981971 21622017452-24136645210002130 211010120101611 271281
18111100134406501210773508000022377310130002245532600022911072961103299770201424
80110001442266701442351701220120144226660144235170122023014422665014423517012203
40144226640144235170122056014422655014423517012208301442242401442351701330109014
42228901442352101330161014422143013313530133021301331193014423541013302640144217
42013313550133032001331152014423541013304300144213580133135301330540014421208014
42352301                                                                        
C3779887291007US69010981971 2164421892674-4998336647366672190 311010120102250101
611 2712882101111001344015142106639520002181103219110822111032244435100229110729
61103299770201424800100013322940155333933011100010100113322940155333932012201001
01001133229301553339520122020010100113322920155333933012203001010011332274015533
39520122050010100113322250155333994012207601010011332184015533404101330101010100
11332147015533412701330126010100113321350155334192013301510101001122114015533425
90133020201010011332146015533433301330252010100113321750155334415013303030101001
13321830155334483013304040101001133219401553345360133050501010011332199015533458
10133060601010011332203015533461301330707010100113322080155334639013308090101001
13322120155334673013309100101001133220401553346910133096201                     
C41285887363323US69010981971 21622018452-136344250632540 111011153302081611 2712
99212111100134401502181104229110223033200023155316700233110123611012371104254110
02961103299770201424804440000013319991155410336013319997155472352014422827316642
06720014422819016642687360133127801664310080014422749016643204160144227120166433
07520144226960166436176001442258101664475456014422515016645271360144225070166453
74720144224840166476486401442243901664847552014422379016649095680144223530177410
23264014422293017741085280014422252017741188640014422218017741219648012202201774
12609920144221890177413746880133121401774141603201442210301774147804801442204101
77414987200144220410177415504000144220070177417054400144219860177418294720133119
70177418604800144219470177419431680144219210177419948480144219020177420465280144
21879017742056864014421858017742118880013311840177422532480144218030177422842560
14421769017742439296014421725017742511648014421713017742563328014421687017742573
66401331167017742677024014421612017742790720014421579017742966432012201501774306
97920144214690177433695360144213880177436072640144213250177436692800144213120177
43803648013311270177438760000144212550177442067520144211970177443824640144211760
17744527168014421158017744578848014421142017744754560014421121017744847584014421
11601                                                                           
C41050887363324US69010981971 21622018452-106544249882420 111011153302081611 2713
1012121111001344015941811042291102230453-200023155316600233110123611012371104254
11002961103299770201424804440000013319997155410336014422762316642067200144227120
16645994880144227010166484755201442265901664899232012202601664909568014422546016
64981920014422481017741002592014422442017741023264014422397017741054272014422345
01774110595201442225401774111628801442222301774113696001442217901774115763201442
20980177411783040144220460177412299840144220050177412403200144219890177412506560
14421942017741271328014421906017741467712014421869017741540064014421843017741591
74401442179401774165376001442173801774181913601442164901774185014401442162301774
20155200144215890177422119040144215550177423566080144215220177424186240144214690
17742677024013311370177427183680144213310177428113920144213080177430181120144212
32017743100800014421211017743276512014421177017743576256014421135017743824320014
42110901774403104001442106501774418608001442102801774482691201332952017744888928
0133294701                                                                      
C3917887363325US69010981971 21622018452-188744240622360 111011153302081611 27131
012121111001344015031811042291102230453-5800231553163002331101236110123711042541
10029611032997702014248044400000133199971554206720144228223166437209601442279901
66441344001331276016644237760144227140166448579201331263016646718400144225690166
46821760144225430166469251201442252201664702848014422502016647958720144224810166
48268800133124401664899232014422419017741054272014422256017741209312013312220177
41354016014422111017741364352014422074017741529728014421968017741540064014421937
01774162275201442187501774173644801442177501774181913601442171501774191216001442
16670177420155200144216240177420775360144215790177424289600144214730177426460160
14421453017742759712014421417017742925088014421378017743090464014421361017743617
60001442125801774378297601331123017743979360014421196017744330784014421138017744
9509440133110901774497161601442108701                                           
C41160887327569US69010981971 21622019452-50056647392002540 1110101611 2712822101
11100134401514181104229110223311012401101246443290025411002961103299770201424804
44000001221290155451693012212901664103387012212901664155080012212901664206772012
21290166425846501221290166431015701221290166436185001221290166441354201221290166
44652330122129016645169250122128016645686160122127016646203080122127016646719990
12212601664723689012212501664775380012212401664827070012212301664878760012212301
66493045001221210166498214001110201774103382901110201774108551901221180177411372
08012211701774118889701221160177412405850122116017741292274012211501774134396201
22115017741395650012211401774144733801221140177414990260122113017741550713012211
30177416024000122113017741654087012211301774170577401221140177417574610122114017
74180914701221140177418608330122114017741912519012211401774196420501221140177420
15890012211301774206757601221140177421192610122113017742170946012211401774222263
00122114017742274315012211501774232599901221140177423776830122114017742429367012
21140177424810500122115017742532733012211501774258441701221150177426361000122116
0177426877820122116017742739465012211701                                        
C33158861500999969002291971 2164422070553121586644905002130 1110101511 102351411
11002291101296110329977020142480110002331247013301000233124701330105023312460133
01100233124501330120022202401330130022202301330140023312030133015202331167013301
570233116801330168023311610133018002220160133019002331154013302000233115301     
C3373887348824MG69010981971 21622020452-18536645035002120 1110101611 27126618111
10018110422911022331101246553282002541100296110329977020142480444000001331284016
64258465012202801664516925013312560166477538001331239017741033829013312250177412
92274012202201774155071301331205017741809147013311980177420675760133118901774232
59990133117601774258441701220170177428428290133116101                           
C41197887327570US69010981971 21622021452-50173317442560 1110101611 2712822101111
00134401514181104229110223311012401101246443300025411002961103299770201424804440
00001221290155451693012212901664103387012212901664155080012212901664206772012212
90166425846501221290166431015701221290166436185001221290166441354201221290166446
52330122129016645169250122129016645686160122129016646203080122128016646719990122
12801664723689012212701664775380012212601664827070012212401664878760012212201664
93045001221210166498214001221180177410338290122116017741085519012211501774113720
80122114017741188897012211401774124058501221140177412922740122114017741343962012
21130177413956500122114017741447338012211401774149902601221130177415507130122113
01774160240001221130177416540870122113017741705774012211301774175746101221130177
41809147012211301774186083301221140177419125190122113017741964205012211301774201
58900122114017742067576012211401774211926101221150177421709460122115017742222630
01221150177422743150122115017742325999012211501774237768301221160177424293670122
11601774248105001221170177425327330122117017742584417012211601774263610001221160
17742687782012211701774273946501221170177427911470122117017742842829012211701   
C41311887363326US69010981971 21622021452-111544249832550 111011153302081611 2713
1012121111001344015941811042291102230453-200023155316700233110123611012371104254
11002961103299770201424804440000013319997155431008014422752316641653760144227210
16642273920144226850166443411201442267501664599488014422653016647028480144226250
16647131840144225940166474419201442255901664775200014422522016647958720144224860
16648165440144224630166486822401442241101664888896014422392016649302400144223510
17741074944014422312017741167968014422232017741178304014422208017741364352014422
14601774140569601442210801774146771201442205601774147804801442200401774158140801
44219490177416951040144218920177417261120144218480177418501440144218020177419328
32013311760177419741760144217150177420878720144216760177422119040144216360177422
32576014421617017742253248014421588017742356608014421559017742428960014421539017
74252198401442152401774257366401442148501774259433601442145401774265635201442141
30177426666880144213870177426873600144213630177427493760133113401774298710401442
13010177430904640144212650177432455040144212530177433488640144212190177434625600
14421206017743555584013311180177436796160133111601774376230401220110177439586880
14421062017744155072014421023017744361792013329920177447235520133295701774486825
6013329230177449509440133291101                                                 
C32998861501009969002291971 2164422382553120756644855002120 1110101511 102351411
11002291101296110329977020142480110002331247012206502331247012209002331242013301
00023312350133011002331225013301200233121101330138023311850133016002220170133016
70233116401330172023311540133017802331157013302000233115701                     
C3311887280649TH69010981971 216442234055490331664979669160 211010120101611 27128
31911110013440627421055354000221110122244397202245532650022911072961103299770201
42480110001442279501442323401110501442279601331323012201001442279601442323601220
20014422785014423263012203001442276601442328801220500144225820133133401         
C3485887280650SU69010981971 2164422390341-2473315072130 211010120101611 27128118
11110013440650121077348700002237731011800224553261002291107296110329977020142480
11000144227470144234960111080144227320144234960122016014422727014423496012202401
33127301442349601220390133127201442350101220570144225770144235050122075014422326
01442350701330112014422235014423521013301500144221050144235340133019101331183014
42353401330239013311760144235440133035501442146401442354601330472014421317014423
53701                                                                           
C32148674754749969002291971 21722217231-1155210715140 211010120101511 1024215111
10022911072321100296110329977020142480110001331265014423313012201001331265014423
315012202001331265014423322012203001442264501442332401                          
C31918674766779969002291971 217-454-56677741080170130 211010120101511 1024215111
10022911072321100296110329977020142480110002331269014423301012201002442266301442
3312012202502442266201442331201                                                 
C31908674766789969002291971 217-454-2667663108413130 211010120101511 10242151111
00229110723211002961103299770201424801100024422675014423248012201002442266801442
325901220200233126701442327701                                                  
C32398674766799969002291971 217-343-825663107608150 211010120101511 102421511110
02291107232110029611032997702014248011000244226570144233390122010024422638014423
3440122020024422637013313340122030024422637014423335012203602442263301442334401 
C31848861568579969002291971 217-454-56677741080170130 211010120101511 1023514111
10022911072961103299770201424801100023312690144233010122010024422663014423312012
202502442266201442331201                                                        
C32328861568589969002291971 217-343-825663107608150 211010120101511 102351411110
02291107296110329977020142480110002442265701442333901220100244226380144233440122
020024422637013313340122030024422637014423335012203602442263301442334401        
C31838861568599969002291971 217-454-2667663108413130 211010120101511 10235141111
00229110729611032997702014248011000244226750144232480122010024422668014423259012
20200233126701442327701                                                         
C41040887363327US69010981971 21712202452-171844242082420 111011153302081611 2713
1012121111001344015031811042291102230453-430023155316700233110123611012371104254
11002961103299770201424804440000013319991155420672013319997155441344013312713166
44444480144227110166446512001442267201664527136014422619016645374720144225750166
45478080144225150166458915201442248301664651168014422406016647028480144223640166
47648640144223120166484755201442225801664857888014422222016649095680144221850166
49612480144221880177410749440144221130177411162880144220690177411266240144220350
17741271328014421979017741622752014421964017741695104014421936017741726112014421
91201774177779201442185501774180880001442182401774181913601442177401774190182401
44217040177420465280144216420177421188800144215950177421292160144215710177421498
88014421541017742480640014421464017742770048012201401774298710401442137701774313
18080144213310177432558400144213080177434212160144212830177437312960144212450177
44175744014421181017744609856013311120177447752320144210950177449406080133110801
C41374887363328US69010981971 21712202452-125544250072580 111011153302081611 2713
1012121111001344015021811042291102230453-200023155316700233110123611012371104254
11002961103299770201424804440000013319997155420672014422862316641033600144228350
16641757120144228170166420672001442278301664227392014422744016642584000144227010
16643514240144226430166441344001331264016645271360144225460166456848001442253601
66460982401442249701664651168014422481016646718400144224550166475452801442242401
66483721601442239801664950912014422309016649715840144222760177411783040144221740
17741312672014422156017741395360013312130177415400640144220860177416227520144220
44017741870816014422002017741922496014421968017742087872014421916017742129216013
31188017742211904014421859017742294592014421864037742304928014421895037742325600
01442192903774234627201442192703774235660801442188503774237728001442185403774239
79520144218150377425633280133117503774271836801442175503774281139201442172903774
28940800144217050377429044160133116903774291475201442166903774296643201442163703
77431628160144215120377431834880144214940377432144960144214730377433488640144214
18037743534912014421364037743565920014421322037743834656014421301037743896672014
42132403774404137601442133503774412406401442129603774414473601331127037744372128
01331123037744444480014421228037744682208014421199037744754560014421168037744847
58401442116303                                                                  
C3407887413087US69010981971 21722290452-125544250072150 111011153302081611 27126
41811110013440150218110222911022331101254110029611032997702014248022200013312860
14421034013312840144220670133127801442310101331267014425168013312550144277520133
12410155210336013312240155212920013312160155215504013312080155220672013311920155
22584001331176015523100801331155015523617601331132015524134401331128015524651201
2201201                                                                         
C3407887413088US69010981971 21722290452-171844242082150 111011153302081611 27126
41811110013440150318110222911022331101254110029611032997702014248022200013312710
14421034013312710144220670133127101442310101331271014425168013312630144277520122
02301552103360133121401552129200133119701552155040133119701552206720133116201552
25840013311440155231008013311340155236176013311260155241344013311190155246512013
3111101                                                                         
C3553887280651MG69010981971 217332170452-18256644961692150 211010120101611 27129
42101111001344052622107731150000219110422111012245532550022555324200229110729611
03299770201424801100013312790144234540122018014422809014423448012203701442261701
44234910122056013312440144234950122074014422296014423506012209301442225201442352
70133011701442213401442352901330140014422058014423537013301860144218160144235490
13302320144216840144235510133027701331151014423548013303230133114701442355601330
3680144213060133135301330458014421137014423507013306440133289201442347301       
C3325887280652TH69010981971 21733222055487669664980169160 211010120101611 271296
21011110013440627421055352000215553290002211101222553174962245532750022911072961
10329977020142480110001442280301442323601110501442280401442322701220100144228010
14423229012202001442278901442323601220300144227630144232630122049014422558014423
35101                                                                           
C32948861501019969002291971 217332317553119836644805002120 1110101511 1023514111
10022911012961103299770201424801100023312460111050233124701220900233124701330100
02331245013301200233124201330125023312410133013302220230133013602220210133015002
331185013301600222018013301800222017013302000233115901                          
C41197887327571US69010981971 2171103452-50386647443002560 1110101611 27128221011
11001344015141811042291102233110124011012464432900254110029611032997702014248044
40000012212901554516930122128016641033870122128016641550800122128016642067720122
12801664258465012212701664310157012212801664361850012212801664413542012212801664
46523301221280166451692501221280166456861601221280166462030801221280166467199901
22128016647236890122128016647753800122128016648270700122128016648787600122127016
64930450012212701664982140012212601774103382901221220177410855190111020177411372
08012211901774118889701221190177412405850111020177412922740122119017741343962012
21180177413956500122117017741447338012211701774149902601221170177415507130122116
01774160240001221150177416540870122115017741705774012211401774175746101221130177
41809147012211201774186083301221120177419125190122113017741964205012211301774201
58900122113017742067576012211401774211926101221150177421709460122115017742222630
01221150177422743150122115017742325999012211601774237768301221160177424293670122
11701774248105001221160177425327330122116017742584417012211701774263610001221160
17742687782012211601774273946501221170177427911470122117017742842829012211701   
C41308887363329US69010981971 2171103230-123314952550 111011153302081611 27131002
121111001344015941811042291102230343-9002315531670023311012361101237110425411002
96110329977020142480444000001331999115541033601331999715548268801442281431664134
36801442280201664144704014422783016641963840144227450166421705601442271301664341
08801442262701664413440014422608016644444480144225860166446512001442255601664547
80801442251501664578816014422471016647648640144224510166482688001442241401664888
89601331237016649715840144223370177410439360144222960177410646080144222720177411
78304014422231017741343680014422201017741488384014422146017741560736013312110177
41653760014422059017741984512014422026017742046528014421941017742087872014421891
01774213955201442186801774214988801442183701774219123201442179801774220156801442
17660177423152640144216680177424082880144216490177425736640144216240177426563520
14421585017742677024014421544017742687360014421529017742749376014421492017742770
04801442146701774286307201442144301774288374401442140501774289408001442139201774
29354240144213680177431111360144213530177431318080144213330177431938240144213070
17743338528014421281017743369536014421245017743472896013311220177441757440144212
04017744372128014421179017744496160014421166017744537504013311140177447338880144
2110501774482691201442109701                                                    
C35958862386519969002291971 217332482442179544260122190 211210128101511 10235141
11100229110729611032997702014248011000222024014423633012201002442239301442363301
22020024422388014423633012203002442234701442364201220500244223540133136601220750
24422352013313660133010002442227101442364401330150024421872014423599013302000244
21819014423626013302500244217040144236240133030002442163901442363801330400024421
35901331359013305000244212320144235710133060002442116701442356201330800024421026
01442355301440100002332888014423543014401200023327280144235520144015000233250601
44235010144020000233230801442348501                                             
C3349887280653TH69010981971 2173324504438785664978919170 211010120101611 2712962
10111100134406274210553680002155533000022111012225531944022455329500229110729611
03299770201424801100014422791014423223011105014422781014423223012201001442278901
44232360122020014422779014423283012203001442274401442329901220500144225380144233
51012206501442237901442337301                                                   
C3487887280654SU69010981971 2171105452-252544249332130 211010120101611 271281181
11100134406501210773470000022377310123002245532700022911072961103299770201424801
10001442259601442353901220110144225930144235390122024014422591014423539012203601
44225410144235390122057014422373014423539012208201442197801442354301330106014421
86201442354601330155014421656014423546013302050144215480144235390133026001331146
01442353901330315014421374013313530133042301442124601442351901330533014421134013
3135301                                                                         
C3877887327572US69010981971 217332575452-507844274952510 1110101611 271261171111
00134401514229110124011012464432800296110329977020142480110001221270111050122127
01220100122127012201501221270122020012212701220250122127012203001221270122035012
21270122040012212701220450122127012205001221270122055012212701220600122127012206
50122127012207001221270122075012212601220800122125012208501221240122090012212401
22095012212201330100012212101330105011102013301100111020133011501221190133012001
22118013301250122117013301300122116013301350122115013301400122114013301450122115
01330150012211401330155012211401330160012211401330165012211401330170012211401330
17501221140133018001221140133018501221140133019001221140133019501221140133020001
22114013302050122115013302100122115013302150122114013302200122114013302250122115
01330230012211401330235012211401330240012211501330245012211501330250012211401   
C3371887348825MG69010981971 2171105452-182544249622120 1110101611 27126618111100
18110422911022331101246553279002541100296110329977020142480444000001331279016642
58465013312740166451692501331244016647753800133122501774103382901331219017741292
27401331208017741550713012202001774180914701331189017742067576013311780177423259
990122017017742584417013311630177428428290133115301                             
C32828861501029969002291971 2173326373311196644754202110 1110101511 102351411110
02291101296110329977020142480110002331247012209002331246013301000233124401330110
02331239013301200233122401330130023312050133014402331184013301580233118101330172
023311680133018502331168013302000233115801                                      
C3321887280655TH69010981971 217332670443864555397983160 211010120101611 27129521
01111001344062742105535800021555330000221110222244319442245532930022911072961103
29977020142480110001442294301442313601110501442280501331323012201001442279801442
32230122020014422792014423221012203001442278801442325401220550144224780144233510
1                                                                               
C41088887363330US69010981971 2171106452-16136644297002440 111011153302081611 271
31012121111001344015031811042291102230453-30002315531640023311012361101237110425
41100296110329977020142480444000001331999715541033601442273931664206720014422714
01664465120014422725016647441920144227080166475452801442268901664764864014422647
01664775200014422602016648165440133125401664826880014422506016648372160144224440
16648992320144223840166499225601442235101774101292801442231501774111628801442230
20177411576320144222580177413953600144222390177414056960144222260177414160320144
22207017741426368014422088017741509056014422008017741540064013311990177416330880
14421977017741664096013311930177419638400144217870177420568640144217560177421395
52014421713017742304928013311630177424289600144215940177425013120144215710177426
25344014421526017742780384014421467017742925088014421449017742997440014421411017
74311113601331139017743245504014421376017743441888014421356017743813984014421326
01774393801601442128501774415507201442127301774445481601442125101774479590401442
122701774493027201442120401774496128001442119701                                
C340986645101599101971 2173328673328056648203332120 2110111511011201002431511110
02291102254120-12961103299770201424801100013312750155335091012201001331275014429
99911220200133127401442999911220300133127401442999911220500133127401442999911220
75013312750144299991133010001331258014429999113301250133120901442999911330150012
20180144299991133017501220160144299991133020001331148014429999113302500133112901
442999911                                                                       
C32608862306319969002291971 217332850332857664980920160 211010120101511 10235141
11100229110729611032997702014248011000244228650144232270111050244228120144232230
12201002442280501442322701220200244228020133132101220300244227930144232410122040
02442273101442326501                                                            
C3833887327573US69010981971 217332817452-51073317542480 1110101611 2712611711110
01344015142291101240110124644326002961103299770201424801100012212601110501221260
12201001221260122015012212501220200122124012202501221250122030012212401220350122
12501220400122125012204501221240122050012212401220550122124012206001221240122065
01221240122070012212401220750122124012208001221230122085012212401220900122124012
20950122123013301000122124013301050122123013301100122122013301150122121013301200
12212101330125012211901330130012211801330135012211801330140012211601330145012211
70133015001221160133015501221160133016001221160133016501221150133017001221150133
01750122115013301800122114013301850122115013301900122115013301950122116013302000
12211601330205012211601330210012211701330215012211801330220012211701330225012211
801330230012211801330235012211701                                               
C340586645101199101971 217332930341-11844112082120 21101115110112010024315111100
2291102254120-129611032997702014248011000133129201442329201220100133129101442999
91122020012202901442999911220300122029014429999112205001331288014429999112207501
33128601442999911330100012202601442999911330125013312350144299991133015001331212
01442999911330175013311960144299991133020001220180144299991133025001331133014429
99911                                                                           
C341286645102099101971 217332975674-15666777412003332120 21101115110112010024315
1111002291102254120-129611032997702014248011000122029014423483012201001331287014
42999911220200133128401442999911220300133128301442999911220500133128101442999911
22075013312590144299991133010001220240144299991133012501331227014429999113301500
12202101442999911330175013311930144299991133020001331173014429999113302500133113
101442999911                                                                    
C3407866451024YU101971 217332950341-108552125052120 2110111511011201002431511110
02291102254120-12961103299770201424801100013312960155334653012201001331295014429
99911220200133129401442999911220300133129401442999911220500133129301442999911220
75012202701442999911330100013312560144299991133012501220250144299991133015001331
23601442999911330175012202101442999911330200013311930144299991133025001220150144
2999911                                                                         
C32968861501039969002291971 21733291755311703553468482120 1110101511 10235141111
00229110129611032997702014248011000233125101220670233125101220770233124501330100
02331243013301100233123701330120023312190133013002331197013301470222018013301700
23311730133017702331168013302000233116801330210022201601                        
C33148664510179969009761971 2174421083554786676648768332120 1110102141110kochose
n7124215111100229110225411012961103299770201424801100013312760122010013312760122
02001331276012203001331276012205001331276012207501331278013301000133127401330125
01331232013301500144220050133017501331169013302000122015013302500133112601      
C3326887280657TH69010981971 217442107055483919664981000160 211010120101611 27129
62101111001344062742105534800021555320000221110322255319440224553285002291107296
11032997702014248011000133128301442321601220100144228090144232410122020014422798
01442322101220300144227870144232450122040014422739014423263012204501442264201442
329401                                                                          
C341586645101399101971 2174421150452-121577412211672120 211011151101120100243151
111002291102254120-1296110329977020142480110001331292015533464401220100133129201
44299991122020013312920144299991122030013312910144299991122050013312890144299991
12207501331267014429999113301000133124901442999911330125013312370144299991133015
00133122301442999911330175013311980144299991133020001331188014429999113302500133
114701442999911                                                                 
C330286645102399101971 2174421158674-13733377412161672120 1110111511010243151111
002291102254120-1296110329977020142480110001331296012201001331294012202001331292
01220300122029012205001331288012207501331272013301000133125301330125013312370133
01500133121801330175013311970133020001331178013302500133113701                  
C3409866451025ZA101971 217220113328656648341672120 21101115110112010024315111100
2291102254120-129611032997702014248011000133127601442344401220100133127601442999
91122020013312750144299991122030013312750144299991122050013312750144299991122075
01331276014429999113301000133126601442999911330125013312560144299991133015001331
21201442999911330175013311820144299991133020001331162014429999113302500133112701
442999911                                                                       
C33898861501049969002291971 2174421192553116336644635002180 1110101511 102351411
11002291101296110329977020142480110002331249011107023312490122048023312470122060
02331243012207102331241012208002331238012209302331237013301000233123501330110023
31232013301200233122101330130023312040133014002331196013301500233118801330157022
201801330163023311810133017002220170133018002331166013302000233115701           
C3487887280658SU69010981971 21722011341-2586644855002130 211010120101611 2712811
81111001344065012107734800000223773101030022455326800229110729611032997702014248
01100013312710144234490122013013312710144234510122026014422708014423452012203901
44226680144234650122060013312530144235430122086014422446014423546013301120144222
62014423546013301650144218610144235480133021601442166301442355701330267014421542
01442354601330314014421426014423541013304000133113201442353201330476013311230144
2353701                                                                         
C341386645102199101971 2174421208564-526676649711672120 211011151101120100243151
111002291102254120-1296110329977020142480110001331284015533392401220100133128201
44299991122020012202801442999911220300133127801442999911220500133127401442999911
22075013312640144299991133010001331192034429999113301250133114803442999911330150
01331115034429999113301750133110403442999911330200013311010344299991133025001221
9403442999911                                                                   
C41107887363331US69010981971 21722012452-14426644442002450 111011153302081611 27
131012121111001344015031811042291102230453-3400231553163002331101236110123711042
54110029611032997702014248044400000133199971554103360144227673166410336001442273
40166443411201442271101664506464014422669016645581440144226350166456848001442257
90166462016001442250601664661504014422462016646718400144224380166468217601442239
20166476486401442232401664775200014422251016649819200144221370166499225601442210
90177410025920144220720177410956160144220360177411059520144220180177411162880144
21982017741126624014421956017741136960013311930177412506560144218830177412609920
14421834017741343680014421803017741364352014421768017741374688014421746017741395
36001442170101774148838401442168701774155040001442165501774156073601220160177416
33088014421586017741664096014421557017741829472014421516017741881152014421485017
74196384001331141017742118880014421382017742160224014421319017742397952014421263
01774257366401442120301774272870401442116201774319382401442108401774345222401442
1069017743648608014421033017744113728013329950177448269120133291801             
C35998862386529969002291971 217442135744217586646093002190 211010120101511 10235
14111100229110729611032997702014248011000233124601442364401220100244224410144236
44012202002442235601442363501220300244224250144236440122050024422417014423644012
20750244223850144236290133010002442229901442364401330150024421946013313590133020
00244217070144235750133025002442161101442360801330300024421482014423591013304000
24421348014423586013305000244212580144235750133060002331119014423566013308000233
11040144235570144010000233289401442354601440120002332738014423525014401500023325
240144235010144020000233230301442348701                                         
C41143887327574US69010981971 2174421342452-511744275752550 1110101611 2712822101
11100134401514181104229110223311012401101246443230025411002961103299770201424804
44000001221210155451693012212101664103387012212101664155080012212101664206772011
10201664258465012212101664310157011102016643618500111020166441354201110201664465
23301110201664516925011102016645686160122121016646203080111020166467199901110201
66472368901110201664775380012212101664827070011102016648787600111020166493045001
11020166498214001110201774103382901110201774108551901110201774113720801221190177
41188897012211901774124058501221180177412922740122116017741343962012211501774139
56500122112017741447338012211101774149902601111901774155071301111901774160240001
11170177416540870111160177417057740111160177417574610111160177418091470111150177
41860833011116017741912519011116017741964205011115017742015890011114017742067576
01111401774211926101111401774217094601111401774222263001111401774227431501111501
77423259990111160177423776830111180177424293670111190177424810500111190177425327
33011101017742584417011101017742636100011101017742687782012211101774273946501221
12017742791147012211201                                                         
C33398861501059969002291971 217442149255311525553458432150 1110101511 1023514111
10022911012961103299770201424801100023312520111080222025012201302331249012208402
33124901220900233124601330110023312430133012002220240133012602220220133013702220
20013301420233119201330151023311880133015702220190133017002331176013301800233116
8013302000233116301                                                             
C31958674754759969002291971 2174421550121-17741087920130 211010120101511 1024215
11110022911072321100296110329977020142480110001442260601442282101220100144226560
14423178012202001442265301442318501                                             
C33748861501069969002291971 21744217674421145553453332170 1110101511 10235141111
00229110129611032997702014248011000233125201110702331251012205002331249012206002
33124501220910233124501330100023312410133011002220230133011602331214013301320233
11990133013602331201013301480233119101330157023311950133016802331168013301850233
116301330191023311650133020002331161013302050233115901                          
C3492887280659SU69010981971 21722018452-26386644717002130 211010120101611 271281
18111100134406501210773300000022377310105002245532600022911072961103299770201424
80110001442274401442346301220100144227450144234630122021014422719014423499012203
10144225160144234990122052014422396014423499012207701442232801442352301330102014
42226301442352301330151014422075014423532013302000144219020133135501330248014421
74201442355701330302014421622014423552013304050144213920144235390133050701442126
201442354601                                                                    
C41050887363332US69010981971 21722018452-12986644643002420 111011153302081611 27
131012121111001344015031811042291102230453-4300231553163002331101236110123711042
54110029611032997702014248044400000133199971554206720144227913166421705601442277
50166438243201442276301664589152014422727016646201600144226890166469251201442264
70166472352001220260166479587201442257501664909568013312510166496124801442248601
66499225601442247601774101292801442244501774106460801442242101774126099201442240
90177414160320144223210177414367040144222970177414677120144222530177414780480144
22225017741540064014422191017741591744014422131017741684768014422082017741695104
01442205601774174678401442201201774178812801442195501774190182401442184301774192
24960144218120177419948480144217790177420568640144217580177421188800144217270177
42149888014421698017742315264014421682017742449632014421653017742584000014421639
01774266668801442160601774290441601442154801774304912001442148101774312147201442
14660177431318080144214450177432971840144213880177434005440144213650177435659200
1442133701                                                                      
C33588861501079969002291971 217442198755311383220452160 1110101511 1023514111100
22911012961103299770201424801100023312530122063023312530122070022202501220800222
02401220860233123201220910233121801330115026641984440133011802331196013301300233
11850133013302331178013301500233116601330164023311610133017702331166013301890233
11590133020002331159013302100233115201                                          
C33748861501089969002291971 2174422192553110536644497202170 1110101511 102351411
11002291101296110329977020142480110002331253012201202331251012207502331251012208
00222025012209002331223012209402220210133010102331208013301080233119801330113023
31199013301180233118401330127023311760133014002331173013301500233116201330160022
201601330170023311550133018302331151023302000233116303                          
C3489887280660SU69010981971 21722023452-269344245872130 211010120101611 27128118
11110013440650121077313000002237731009300224553238002291107296110329977020142480
11000144227160144234490111090144227160144234560122018014422709014423456012202701
44226890144234630122055014422434014423494012208201442224201442351401330110014422
07701442353701330165014421916014423544013302210144216680133135501330276014421551
01442354601330332014421422014423539013304410144212880144235250133055201442118801
442353901                                                                       
C3338887280661TH69010981971 2174422310443803555398155170 211010120101611 2712841
91111001344062742105536300022111032225531166422455326700229110729611032997702014
24801100014422794014423241012201001442279501442324501220200144227930144232390122
03001442279601442325601220400144227910144232680122050014422682014423263012206001
442233801442331901                                                              
C3611887363333US69010981971 2174422398442118844244622220 111011153302081611 2713
1012121111001344021481811032291102230453-200023155316700233110123611012371104254
11002961103299770201424803330000133199971443206701442256231553217060144225210155
35994901442251101553723520144224430155385789014422386015539302401442232101553961
25014422259015539819201442221701663104394014422136016631054270144221050166310749
40144220820166310852801442211601663111629014422084016631126620144220580166311369
60133120401663114730014421915016631157630144218690166311679701442182701663121965
014421788016631292000144217380166313436801442172801                             
C3274887413093US69010981971 217442239044211884424462180 111011153302081611 27126
41811110013440214818110122911022331101254110029611032997702014248011100133125601
33110301331254013312070133125201331310013312520133151701331251013317750133124201
4411034013312150144112920133117401                                              
C32408674766819969002291971 218-243-0187741068550150 211010120101511 10242151111
00229110723211002961103299770201424801100023312640144233530122010024422639014423
35501220200244226390144233550122030024422638014423355012204002442263801442335301
C32138674766829969002291971 218-454-30837741064380140 211010120101511 1024215111
10022911072321100296110329977020142480110002331264014423358012201002331264014423
35801220200233126401442335801220300233126401442334401                           
C31908674766839969002291971 218-454-5833663106033130 211010120101511 10242151111
00229110723211002961103299770201424801100024422649014423313012201002442264901442
331301220250233126501442331301                                                  
C33418861501099969002291971 21822293553107173314492150 1110101511 10235141111002
29110129611032997702014248011000233125301220520233125101220620233124301220820233
12430122090023312350133010002331219013301130233120301330120023312030133013002331
19701330150023311790133015602331173013301620233117701330170023311680133018002331
162013302000233115701                                                           
C31838861568609969002291971 218-454-5833663106033130 211010120101511 10235141111
00229110729611032997702014248011000244226490144233130122010024422649014423313012
20250233126501442331301                                                         
C32068861568619969002291971 218-454-30837741064380140 211010120101511 1023514111
10022911072961103299770201424801100023312640144233580122010023312640144233580122
0200233126401442335801220300233126401442334401                                  
C32328861568629969002291971 218-132-027741068550150 211010120101511 102351411110
02291107296110329977020142480110002331264014423353012201002442263901442335501220
200244226390144233550122030024422638014423355012204002442263801442335301        
C41019887363334US69010981971 21812202452-118744248452410 111011153302081611 2713
1002121111001344015031811042291102230343-600231553163002331101236110123711042541
10029611032997702014248044400000133199971554103360144227833166418604801442276401
66424806401442275401664258400014422717016642687360144226730166427907201442263101
66436176001442259201664382432014422562016643927680133125201664630496014422455016
64651168014422403016648785600144223550166498192001442232401664992256014422314017
74100259201331228017741033600014422267017741043936014422246017741116288013312220
17741147296013312150177412506560144221160177412816640144220870177417364480144220
39317741746784014421783317741808800014421754017741829472014421747017741839808013
31172017741943168014421686017742025856014421662017742573664013311580177426873600
14421561017742914752014421514017743007776014421485017743162816013311420177438036
48014421346017743927680014421315017744051712014421302017744475488014421218017744
57884801442119201774467187201442115501774487859201442113101                     
C3408887413094US69010981971 21822290452-118744248452150 111011153302081611 27126
41811110013440150318110222911022331101254110029611032997702014248022200013312780
14421034013312770144220670133127601442310101331261014425168013312480144277520133
12370155210336013312270155212920013312080155215504013312060155220672013311650155
22584001331157015523100801331144015523617601331137015524134401331128015524651201
33111601                                                                        
C3348887280662TH69010981971 2183321105547891955398153170 211010120101611 2712962
10111100134406274210553700002155532100022111012225531555222455328400229110729611
03299770201424801100013312780144232270122010014422781014423209012202001442278701
33132201220300144227950144232290122040014422798014423242012205001442260101442327
4012206701442226801442332801                                                    
C3484887280663SU69010981971 2181105452-274744244532130 211010120101611 271281181
11100134406501210773200000022377310093002245532500022911072961103299770201424801
10001331261014423508012201001331261014423508012202101442260901442350801220320144
22609014423508012205301442239801442352601220790133122501442353401330105014422118
01442353901330152014421964014423544013301980144218080133135501330248014421688013
31355013302960144215710133135501330394014421374014423532013304920144212640144235
3201                                                                            
C3894887280664US69010981971 218332540674-5111196647605692280 211010120101611 271
28921011110013440151421077319750002181103219110522111032244433700229110729611032
99770201424801100013322020155333915012201001110201553339120122012013322030155333
91401220200133219701553339140122030013321960155333918012205001332189015533394901
22075013321670155333987013301000133213301553340810133012501332122015533413901330
15001332117015533417601330200013321270155334286013302500133217201553343940133030
00133218501553344270133040001110201442345101330500013322080155334557013306000133
22140155334603013307000133221401442346301330800013322140155334659013309000133221
50144234680144010000133221201553346980144011000133221201553347060144012000133221
10155334725014401300013322080144234730144014000133220701553347390144015000133220
10155334741014401750013321720155334759014402000013321570155334749014402013013321
57015533474801                                                                  
C3345887280665TH69010981971 21833267055476631664981869170 211010120101611 271295
21011110013440627421055380000215553150002211101222443972022455328500229110729611
03299770201424801100014422813012203201110901442278701442319101220180144227750144
23194012202701442278901331323012204601442231801442342201220590144221830144234220
1220700133121201442338401                                                       
C34538861501109969002291971 218332793553105086644503502220 1110101511 1023514111
10022911012961103299770201424801100022202501110702220250122010023312490122070023
31245012208002331239013301000233123801330106023312310133011102220230133011502331
21901330120023312160133012702331204013301380233120301330143023311950133014702331
19701330153023311860133016002331178013301630233117901330173023311790133018002331
17801330183023311730133019002331177013302000233117301                           
C32458862815539969002291971 2181108563-5112255376025150 211010120101511 10235141
11100229110729611032997702014248033014802332115014423417013308040233199911553346
49014401233023322070155334718014401908023321660155334751014402019023321580155334
74401                                                                           
C3275887280666US69010981971 2181108674-51121955376025140 211010120101611 2712892
10111100134401514210773197500021811032191107221110322444342002291107296110329977
02014248033014801332115014423417014401233013322070155334649014401908013321660155
33471801440201901332158015533475101                                             
C341286645102999101971 218332928674-11883344112092120 21101115110112010024315111
1002291102254120-129611032997702014248011000133129301442327401220100133129301442
99991122020013312920144299991122030013312910144299991122050013312890144299991122
07501331268014429999113301000133125301442999911330125013312280144299991133015001
33121301442999911330175013311860144299991133020001331168014429999113302500133113
801442999911                                                                    
C32578862306369969002291971 218110944377134429831160 211010120101511 10235141111
00229110729611032997702014248011000244228310144231910111050244228110144231780111
09024422804014423187012201902442276201442323801220280244227530144232380122035024
42272101442324501                                                               
C3847887327575US69010981971 218332925452-51136647610002500 1110101611 2712441511
11001344015142291101296110329977020142480110001221230111050122122012201001221220
12201501221220122020012212101220250122122012203001221220122035012212101220400122
12201220450122122012205001221210122055011102012206001221190122065012211801220700
12211801220750122117012208001221170122085012211701220900122117012209501221150133
01000122114013301050122114013301100122113013301150122113013301200122114013301250
12211301330130012211301330135012211201330140012211301330145012211201330150012211
30133015501221120133016001221110133016501221110133017001221110133017501110101330
18001221110133018501221110133019001221110133019501221120133020001221110133020501
22112013302100122113013302150122115013302200122116013302250122116013302300122116
01330235012211701330240012211701330245012211801                                 
C341786645103699101971 2184421017674-16216777411941672120 2110111511011201002431
51111002291102254120-12961103299770201424801100013312890155335029012201001331285
01442999911220200133128201442999911220300133127401442999911220500133125201442999
91122075013312430144299991133010001331231014429999113301250133121701442999911330
15001331206014429999113301750133119501442999911330200013311620144299991133025001
33112601442999911                                                               
C3409866451037ZA101971 21822010554788336648393332120 211011151101120100243151111
002291102254120-1296110329977020142480110001331277014423441012201001331277014429
99911220200133127601442999911220300133127601442999911220500133127601442999911220
75013312760144299991133010001331239014429999113301250122020014429999113301500122
01701442999911330175013311460144299991133020001331136014429999113302500133112101
442999911                                                                       
C341686645103199101971 2184421150674-11516777412141672120 2110111511011201002431
51111002291102254120-12961103299770201424801100013312970155334453012201001331296
01442999911220200133129501442999911220300133129401442999911220500122029014429999
11220750133124901442999911330100013312340144299991133012501331217014429999113301
50013311990144299991133017501331177014429999113302000133114701442999911330250013
3112901442999911                                                                
C329886645103399101971 21822011554683336648761672120 111011151101024315111100229
1102254120-129611032997702014248011000133127801220100133127801220200133127701220
30013312770122050013312770122075013312720133010001331259013301250133121401330150
0133118401330175013311580133020001331142013302500133112601                      
C3485887280668SU69010981971 21822011452-279844243152130 211010120101611 27128118
11110013440650121077341000002237731008900224553256002291107296110329977020142480
11000144225860144235250111090144225780144235250122018014422564014423525012202601
33125601442352501220520144224070144235250122079014422261014423525013301050144221
45014423534013301590133119301442354601330213014421753013313550133026601442168501
33135501330319014421559014423544013304270144213740144235320133053501442126401331
35511                                                                           
C41171887327576US69010981971 21822015341-51244276572560 1110101611 2712822101111
00134401514181104229110223311012401101246443170025411002961103299770201424804440
00001221170155451693012211701664103387012211701664155080012211701664206772012211
70166425846501221170166431015701221170166436185001221170166441354201221170166446
52330122117016645169250122117016645686160122117016646203080122117016646719990122
11701664723689012211701664775380012211701664827070012211701664878760012211701664
93045001221170166498214001221170177410338290122117017741085519012211501774113720
80122113017741188897012211201774124058501221110177412922740111190177413439620111
17017741395650011117017741447338011114017741499026011113017741550713011113017741
60240001111301774165408701111301774170577401111401774175746101111401774180914701
11120177418608330111130177419125190111120177419642050111130177420158900111150177
42067576011115017742119261011115017742170946011114017742222630011115017742274315
01111601774232599901111601774237768301111701774242936701111801774248105001111901
77425327330111190177425844170111010177426361000122111017742687782012211301774273
946501221140177427911470122115017742842829012211601                             
C3483887280669SU69010981971 21822018341-284220422130 211010120101611 27128118111
10013440650121077348400002237731011000224553248002291107296110329977020142480110
00144225770144235140111090144225760144235140122018014422575014423514012202801331
25701442351401220490144225350144235140122073014422392014423514012209801442229501
44235250133014701331216014423532013301970133119101442354301330248014421758014423
55201330300014421646014423552013304050144214640144235460133052101442124901442353
901                                                                             
C3297887363335GB69010981971 21822018452-3472664214300180 111011153302081611 2712
66181111001811042105538000022911022331101254110029611032997702014248044400000133
19997155410336013312143166418604801331214016642894080122021316643824320133112531
664423776013311160166468217601331115016648372160133111501                       
C41153887327577US69010981971 21822022452-512844276832550 1110101611 271282210111
10013440151418110422911022331101240110124644318002541100296110329977020142480444
00000122118015545169301221180166410338701221180166415508001221180166420677201221
18016642584650122118016643101570122118016643618500122118016644135420122118016644
65233012211801664516925012211801664568616012211801664620308012211801664671999012
21180166472368901221170166477538001221180166482707001221170166487876001221170166
49304500122117016649821400122117017741033829012211501774108551901221130177411372
08012211101774118889701221110177412405850111010177412922740111010177413439620111
18017741395650011117017741447338011117017741499026011115017741550713011115017741
60240001111501774165408701111501774170577401111401774175746101111401774180914701
11140177418608330111120177419125190111130177419642050111110177420158900111110177
42067576011113017742119261011116017742170946011116017742222630011117017742274315
01111701774232599901111701774237768301111801774242936701111901774248105001111901
77425327330111010177425844170122111017742636100012211101774268778201221110177427
394650122111017742791147012211101                                               
C3490887280670SU69010981971 21822023452-28826644067002130 211010120101611 271281
18111100134406501210773347600022377310119002245532300022911072961103299770201424
80110001442254901442352301220110144225480144235230122022014422548014423523012203
20144225530144235250122050014422553014423525012207801442237201442352501330106014
42234701442352501330163013312070144235370133022101442184601442354801330281014421
66401331355013303440144215460144235570133046801442132101331353013306000144211540
1442354311                                                                      
